---- BIGRAM PROBABILITIES ----
         a      b      c      d      e      f      g      h      i      j      k      l      m      n      o      p      q      r      s      t      u      v      w      x      y      z
` 0.000  0.131  0.045  0.039  0.027  0.020  0.039  0.015  0.063  0.061  0.002  0.004  0.023  0.032  0.020  0.084  0.029  0.002  0.024  0.066  0.179  0.012  0.006  0.068  0.000  0.008  0.000  
a 0.071  0.000  0.020  0.037  0.052  0.001  0.009  0.016  0.000  0.039  0.001  0.012  0.083  0.022  0.216  0.000  0.016  0.000  0.094  0.101  0.141  0.009  0.023  0.009  0.001  0.026  0.001  
b 0.007  0.062  0.005  0.002  0.002  0.353  0.000  0.000  0.000  0.030  0.007  0.000  0.115  0.002  0.001  0.096  0.000  0.000  0.055  0.021  0.009  0.109  0.002  0.000  0.000  0.121  0.000  
c 0.024  0.123  0.000  0.024  0.000  0.169  0.000  0.000  0.144  0.056  0.000  0.033  0.037  0.000  0.000  0.203  0.000  0.002  0.035  0.002  0.098  0.043  0.000  0.000  0.000  0.008  0.000  
d 0.662  0.016  0.000  0.000  0.009  0.118  0.001  0.003  0.001  0.076  0.002  0.000  0.009  0.003  0.001  0.032  0.000  0.000  0.018  0.019  0.000  0.016  0.003  0.000  0.000  0.008  0.000  
e 0.379  0.044  0.001  0.025  0.096  0.025  0.010  0.007  0.001  0.013  0.000  0.001  0.028  0.020  0.082  0.003  0.011  0.002  0.121  0.066  0.022  0.001  0.014  0.007  0.011  0.010  0.000  
f 0.448  0.050  0.000  0.000  0.000  0.072  0.043  0.000  0.000  0.073  0.000  0.000  0.021  0.000  0.000  0.145  0.000  0.000  0.083  0.001  0.034  0.027  0.000  0.000  0.000  0.002  0.000  
g 0.429  0.069  0.000  0.000  0.000  0.124  0.000  0.010  0.107  0.053  0.000  0.000  0.028  0.002  0.023  0.047  0.000  0.000  0.067  0.013  0.004  0.023  0.000  0.000  0.000  0.002  0.000  
h 0.100  0.151  0.000  0.000  0.000  0.502  0.000  0.000  0.000  0.131  0.000  0.000  0.001  0.001  0.000  0.068  0.000  0.000  0.010  0.001  0.021  0.008  0.000  0.000  0.000  0.004  0.000  
i 0.001  0.019  0.008  0.058  0.044  0.035  0.019  0.024  0.000  0.000  0.000  0.005  0.042  0.040  0.297  0.066  0.006  0.000  0.035  0.139  0.129  0.001  0.023  0.000  0.002  0.000  0.004  
j 0.000  0.058  0.000  0.000  0.000  0.222  0.000  0.000  0.000  0.003  0.000  0.000  0.000  0.000  0.000  0.296  0.000  0.000  0.000  0.000  0.000  0.420  0.000  0.000  0.000  0.000  0.000  
k 0.272  0.009  0.000  0.000  0.000  0.365  0.001  0.000  0.000  0.167  0.000  0.000  0.018  0.001  0.109  0.003  0.000  0.000  0.001  0.040  0.000  0.001  0.000  0.004  0.000  0.006  0.000  
l 0.150  0.093  0.001  0.002  0.067  0.161  0.014  0.001  0.000  0.107  0.000  0.006  0.128  0.004  0.001  0.082  0.003  0.000  0.004  0.017  0.022  0.019  0.005  0.005  0.000  0.110  0.000  
m 0.175  0.163  0.025  0.000  0.000  0.258  0.001  0.000  0.000  0.083  0.000  0.000  0.002  0.027  0.004  0.102  0.061  0.000  0.000  0.028  0.000  0.034  0.000  0.000  0.000  0.035  0.000  
n 0.257  0.021  0.000  0.033  0.199  0.075  0.008  0.131  0.001  0.029  0.002  0.006  0.011  0.002  0.007  0.057  0.000  0.001  0.000  0.039  0.098  0.007  0.005  0.000  0.001  0.010  0.000  
o 0.143  0.005  0.005  0.011  0.014  0.003  0.146  0.004  0.000  0.010  0.000  0.012  0.030  0.061  0.153  0.027  0.017  0.000  0.111  0.028  0.046  0.110  0.020  0.040  0.001  0.004  0.000  
p 0.064  0.119  0.000  0.000  0.000  0.178  0.001  0.000  0.020  0.053  0.000  0.000  0.099  0.002  0.000  0.129  0.066  0.000  0.160  0.021  0.039  0.043  0.000  0.001  0.000  0.007  0.000  
q 0.001  0.000  0.000  0.000  0.000  0.000  0.000  0.000  0.000  0.000  0.000  0.000  0.000  0.000  0.000  0.000  0.000  0.000  0.000  0.000  0.000  0.999  0.000  0.000  0.000  0.000  0.000  
r 0.219  0.072  0.002  0.012  0.024  0.249  0.005  0.010  0.001  0.080  0.000  0.007  0.008  0.024  0.019  0.099  0.004  0.000  0.020  0.048  0.038  0.016  0.007  0.002  0.000  0.036  0.000  
s 0.405  0.041  0.000  0.013  0.000  0.118  0.002  0.000  0.050  0.057  0.000  0.008  0.009  0.009  0.001  0.048  0.022  0.001  0.000  0.052  0.114  0.041  0.000  0.004  0.000  0.004  0.000  
t 0.224  0.034  0.000  0.002  0.000  0.086  0.001  0.000  0.357  0.081  0.000  0.000  0.012  0.001  0.001  0.105  0.000  0.000  0.026  0.019  0.017  0.016  0.000  0.006  0.000  0.011  0.000  
u 0.038  0.026  0.021  0.044  0.018  0.036  0.006  0.045  0.000  0.025  0.000  0.000  0.118  0.031  0.123  0.002  0.052  0.000  0.142  0.133  0.138  0.000  0.000  0.000  0.000  0.001  0.001  
v 0.000  0.078  0.000  0.000  0.000  0.682  0.000  0.000  0.000  0.176  0.000  0.000  0.000  0.000  0.000  0.056  0.000  0.000  0.000  0.000  0.000  0.001  0.000  0.000  0.000  0.005  0.000  
w 0.098  0.218  0.000  0.000  0.004  0.143  0.001  0.000  0.200  0.193  0.000  0.001  0.004  0.000  0.040  0.073  0.000  0.000  0.010  0.012  0.003  0.000  0.000  0.000  0.000  0.000  0.000  
x 0.083  0.070  0.000  0.149  0.000  0.095  0.000  0.000  0.014  0.104  0.000  0.000  0.001  0.000  0.000  0.008  0.277  0.001  0.000  0.000  0.181  0.013  0.000  0.000  0.000  0.005  0.000  
y 0.766  0.005  0.002  0.001  0.001  0.039  0.001  0.000  0.000  0.023  0.000  0.000  0.003  0.010  0.002  0.096  0.006  0.000  0.001  0.032  0.010  0.000  0.000  0.001  0.000  0.000  0.000  
z 0.014  0.057  0.000  0.000  0.000  0.647  0.000  0.000  0.000  0.154  0.000  0.000  0.024  0.000  0.000  0.043  0.000  0.000  0.000  0.000  0.000  0.012  0.001  0.000  0.000  0.010  0.037  
